C7_3: Kalman Filter Gains

AR(3) Kalman Gains
0.612121 0.666667 0.606061 
0.631787 0.475357 0.541196 
0.713837 0.377096 0.217130 
0.722228 0.424191 0.171621 
0.729507 0.422427 0.179733 
0.726631 0.425635 0.176461 
0.726694 0.426117 0.175874 
0.726822 0.426036 0.175030 
0.726705 0.426369 0.174797 
0.726717 0.426397 0.174751 
0.726696 0.426438 0.174692 

ARMA(2,1) Kalman Gains
0.703978 0.721554 
0.788420 0.543756 
0.769970 0.572715 
0.774055 0.564489 
0.773403 0.565314 
0.773614 0.564817 
0.773602 0.564791 
0.773616 0.564747 
0.773618 0.564737 
0.773619 0.564732 
0.773620 0.564730 


